Exercises/Data/small.asc
ncols        145
nrows        146
xllcorner    86.015416666667
yllcorner    27.866250000000
cellsize     0.000833333333
NODATA_value -32767
[rows 108 to 143 of 146, columns 0 to 80 of 145]
3433 3466 3494 3539 3589 3625 3628 3620 3617 3618 3620 3616 3591 3582 3600 3590 3628 3657 3702 3733 3736 3738 3763 3807 3846 3870 3856 3835 3823 3818 3810 3848 3904 3947 4000 4046 4121 4138 4161 4201 4235 4208 4165 4153 4141 4146 4138 4152 4179 4224 4232 4263 4296 4314 4331 4346 4361 -32767 -32767 -32767 -32767 -32767 -32767 -32767 -32767 -32767 -32767 -32767 -32767 -32767 -32767 -32767 3874 3827 3801 3778 3747 -32767 -32767 -32767 -32767
3462 3479 3536 3576 3622 3653 3660 3657 3659 3651 3657 3663 3656 3635 3644 3655 3677 3706 3734 3768 3759 3760 3775 3805 3852 3887 3914 3892 3871 3865 3869 3892 3924 3963 3998 4014 4080 4132 4166 4214 4246 4257 4213 4171 4158 4167 4164 4192 4208 4236 4258 4273 4298 4323 4336 4343 -32767 -32767 -32767 -32767 -32767 -32767 4217 -32767 -32767 -32767 -32767 -32767 -32767 -32767 -32767 -32767 3876 3850 3827 3783 3736 3699 3662 3625 3594
3502 3521 3557 3584 3649 3680 3690 3689 3681 3679 3689 3700 3704 3692 3701 3707 3713 3755 3778 3811 3809 3798 3814 3834 3867 3905 3947 3954 3930 3899 3901 3913 3946 3975 4012 4024 4056 4105 4154 4174 4231 4284 4248 4194 4176 4185 4199 4215 4232 4256 4274 4292 4317 4317 4295 -32767 -32767 -32767 -32767 -32767 4169 4157 -32767 -32767 -32767 -32767 -32767 -32767 -32767 -32767 -32767 3924 3906 3903 3860 -32767 3768 3714 3681 3639 3608
3492 3520 3542 3559 3604 3653 3709 3714 3717 3714 3721 3735 3751 3744 3752 3765 3774 3799 3828 3843 3847 3849 3844 3862 3881 3930 3976 4013 3996 3941 3934 3944 3956 3989 4021 4027 4045 4105 4135 4156 4180 4229 4252 4219 4212 4220 4228 4231 4250 4279 4306 4284 4261 4246 4209 -32767 -32767 -32767 -32767 4121 4110 4105 -32767 -32767 -32767 -32767 -32767 -32767 -32767 -32767 3963 3963 3968 -32767 -32767 -32767 -32767 3716 3680 3641 3613
3537 3570 3592 3629 3615 3625 3681 3733 3744 3742 3756 3772 3790 3792 3804 3814 3816 3830 3845 3871 3870 3888 3898 3901 3915 3959 4012 4075 4058 3993 3960 3957 3973 4000 4033 4020 4022 4078 4127 4167 4169 4187 4233 4254 4260 4265 4248 4257 4272 4282 4272 4232 4203 4179 4147 -32767 -32767 -32767 -32767 4084 4044 -32767 -32767 -32767 -32767 -32767 -32767 -32767 -32767 4027 4032 4029 4000 -32767 -32767 -32767 -32767 3725 3697 3659 3629
3590 3612 3638 3663 3688 3675 3668 3729 3762 3776 3790 3800 3815 3831 3835 3862 3870 3877 3884 3907 3917 3932 3952 3962 3971 3991 4024 4091 -32767 -32767 4000 3976 3987 4015 4045 4036 4032 4074 4163 4181 4202 4205 4228 4282 4312 4308 4291 4271 4256 4229 4193 4168 4148 4115 4097 4070 -32767 -32767 4036 4021 3994 -32767 -32767 -32767 -32767 -32767 -32767 -32767 -32767 4032 4023 4016 4013 -32767 -32767 -32767 3789 3748 3708 3676 3643
3630 3655 3683 3708 3729 3734 3716 3728 3771 3795 3810 3824 3844 3869 3873 3892 3905 3935 3948 3948 3953 3986 4003 4021 4040 4044 4076 4128 -32767 -32767 4026 3999 4023 4052 4085 4082 4072 4118 4169 4211 4219 4223 4240 4297 4400 4367 4338 4272 4245 4224 4187 4136 4107 4084 4065 4022 3998 3987 3977 3966 3943 3913 -32767 -32767 -32767 -32767 -32767 -32767 -32767 -32767 3995 3974 3971 -32767 -32767 3855 3796 3753 3726 3692 3650
3642 3682 3731 3750 3772 3775 3779 3762 3787 3797 3809 3835 3861 3888 3893 3909 3921 3944 3964 3987 3990 4006 4016 4023 4043 4073 4107 4144 4190 4139 4086 4053 4074 4101 4128 4126 4132 4165 4187 4213 4226 4232 4237 4282 4340 -32767 -32767 4298 4253 4212 4153 4114 4080 4048 4018 3990 3959 3943 3927 3917 3882 3862 -32767 -32767 -32767 -32767 -32767 -32767 -32767 -32767 -32767 -32767 -32767 -32767 3896 3870 3817 3777 3755 3722 3695
3692 3729 3761 3804 3814 3827 3821 3809 3794 3793 3802 3829 3854 3882 3892 3874 3884 3909 3918 3932 3940 3950 3972 3989 4015 4040 4077 4113 4151 4172 4125 4104 4110 4157 4199 4168 4168 4186 4197 4221 4230 4246 4245 4266 -32767 -32767 -32767 4294 4263 4206 4174 4122 4092 4057 4016 3993 3947 3917 3881 3860 3833 3802 -32767 -32767 -32767 -32767 -32767 -32767 -32767 -32767 -32767 -32767 -32767 -32767 -32767 3845 3825 3814 3789 3758 3744
3737 3776 3805 3839 3859 3860 3844 3808 3790 3774 3781 3801 3824 3866 3869 3845 3830 3836 3841 3859 3888 3916 3942 3958 3977 4029 4070 4091 4115 4198 4167 4145 4144 4190 4240 4200 4177 4195 4213 4236 4268 4313 4269 4277 -32767 -32767 4283 4249 4237 4214 4165 4137 4105 4079 4042 4028 3974 3928 3864 3821 3782 3762 -32767 -32767 -32767 -32767 -32767 -32767 -32767 -32767 -32767 -32767 -32767 -32767 -32767 -32767 3776 3806 3811 3797 3773
3780 3806 3845 3865 3890 3868 3827 3797 3771 3755 3745 3761 3792 3840 3837 3814 3790 3789 3794 3807 3866 3900 3931 3963 3967 4011 4046 4082 4108 4161 4169 4165 4176 4187 4281 4249 4201 4192 4225 4258 4301 4360 4325 4295 4252 4236 4216 4178 -32767 -32767 -32767 4145 4122 4103 4074 4045 4002 3932 3875 3820 3755 3709 -32767 -32767 -32767 -32767 -32767 -32767 -32767 -32767 -32767 -32767 -32767 -32767 -32767 -32767 3694 3722 3744 3752 3764
3789 3826 3843 3872 3882 3865 3826 3778 3739 3728 3716 3730 3771 3797 3781 3765 3749 3744 3749 3775 3832 3888 3918 3964 3980 4016 4040 4077 4085 4110 4177 4219 4236 4231 4270 4277 4230 4226 4246 4260 4296 4338 4310 4266 4219 4153 4132 4105 -32767 -32767 -32767 -32767 4072 4088 4111 4074 4011 3958 3895 3844 3765 3716 3664 -32767 -32767 -32767 -32767 -32767 -32767 -32767 -32767 -32767 -32767 -32767 -32767 -32767 -32767 -32767 -32767 -32767 3705
3758 3783 3801 3828 3849 3840 3812 3772 3720 3700 3683 3707 3727 3737 3735 3719 3710 3711 3731 3771 3821 3872 3927 3966 3989 4014 4039 4053 4080 4107 4154 4208 4207 4232 4244 4238 4250 4241 4259 4305 -32767 4295 4241 4218 4156 4122 4065 4035 -32767 -32767 -32767 -32767 4031 4049 4082 4070 4000 3954 3889 3839 3791 3738 3688 -32767 -32767 -32767 -32767 -32767 -32767 -32767 -32767 -32767 -32767 -32767 -32767 -32767 -32767 -32767 -32767 -32767 3613
3710 3731 3749 3782 3810 3796 3769 3733 3701 3656 3653 3682 3682 3679 3667 3663 3650 3666 3702 3757 3804 3851 3917 3966 3982 4007 4025 4038 4067 4092 4110 -32767 4173 4158 4165 4180 4200 4213 4229 -32767 -32767 -32767 4199 4140 4108 4069 4020 3969 -32767 -32767 -32767 -32767 3977 4001 4027 4055 4031 3986 3934 3864 3821 3760 3700 3622 -32767 -32767 -32767 -32767 -32767 -32767 -32767 -32767 -32767 -32767 -32767 -32767 -32767 -32767 -32767 -32767 3549
3653 3671 3702 3737 3769 3773 3733 3701 3662 3628 3617 3645 3641 3621 3607 3613 3611 3641 3682 3725 3793 3841 3907 3942 3965 3952 3977 4023 4063 4102 4142 -32767 4128 4114 4122 4144 4149 4196 4226 -32767 -32767 -32767 4150 4091 4066 4006 3953 3907 3881 -32767 -32767 3895 3927 3951 3982 4010 4053 4004 3957 3904 3855 3792 3723 3689 3611 3565 -32767 -32767 -32767 -32767 -32767 -32767 -32767 -32767 -32767 -32767 -32767 -32767 -32767 3418 3472
3603 3622 3651 3694 3726 3738 3713 3677 3624 3597 3598 3637 3621 3588 3567 3552 3565 3617 3654 3703 3753 3836 3873 3886 3867 3898 3919 3972 4025 4048 4074 4069 4076 4065 4075 4093 4110 4152 4220 -32767 -32767 4089 4049 4026 4009 3990 3924 3872 3818 -32767 3829 3840 3867 3895 3909 3954 4023 4031 3985 3926 3866 3810 3771 3693 3614 3568 3467 -32767 -32767 -32767 -32767 -32767 -32767 -32767 -32767 -32767 -32767 -32767 -32767 3363 3400
3576 3601 3611 3646 3689 3705 3684 3627 3587 3571 3574 3602 3596 3560 3523 3510 3522 3567 3615 3645 3713 3760 3819 3838 3830 3840 3870 3922 3965 3987 4011 4026 4014 4026 4032 4033 4058 4096 4152 -32767 -32767 4042 4003 3979 3946 3913 3897 3845 3784 -32767 3766 3786 3825 3840 3863 3925 3972 3998 -32767 3935 3882 3821 3755 3696 3633 3542 3486 -32767 -32767 -32767 -32767 -32767 -32767 -32767 -32767 -32767 -32767 -32767 -32767 -32767 3319
3550 3568 3581 3605 3647 3680 3660 3626 3588 3537 3548 3580 3589 3524 3484 3489 3503 3526 3563 3618 3665 3720 3758 3777 3768 3782 3827 3863 3906 3946 3973 3972 3972 3976 3977 3977 4002 4038 4111 -32767 -32767 4037 4009 3921 3880 3844 3826 3804 3750 -32767 3711 3750 3759 3798 3869 3879 3909 3968 -32767 3908 3865 3799 3759 3684 3612 3536 3457 3395 -32767 -32767 -32767 -32767 -32767 -32767 -32767 -32767 -32767 -32767 -32767 -32767 -32767
3510 3534 3556 3576 3619 3633 3641 3608 3564 3507 3512 3545 3549 3515 3458 3437 3462 3480 3524 3580 3631 3680 3688 3685 3702 3724 3779 3820 3860 3899 3924 3932 3922 3926 3940 3948 3972 4008 4054 -32767 -32767 4037 4007 3907 3843 3801 3775 3748 3708 -32767 3656 3686 3723 3766 3801 3835 3882 3926 -32767 3907 3878 3772 3711 3667 3593 3512 3456 3395 3324 -32767 -32767 -32767 -32767 -32767 -32767 -32767 -32767 -32767 -32767 -32767 -32767
3460 3491 3541 3555 3583 3585 3596 3593 3542 3482 3481 3500 3510 3494 3435 3408 3427 3459 3485 3543 3600 3619 3623 3636 3657 3686 3731 3777 3833 3852 3857 3865 3871 3891 3912 3934 3954 3993 4018 4066 4055 4001 3944 3858 3805 3763 3734 3677 3655 -32767 3608 3639 3677 3725 3774 3785 3842 3897 -32767 3897 3842 3778 3698 3629 3581 3516 3460 3396 3352 3277 3235 3201 -32767 -32767 -32767 -32767 -32767 -32767 -32767 -32767 -32767
3415 3453 3507 3535 3552 3550 3556 3553 3535 3499 3449 3467 3452 3429 3410 -32767 3403 3439 3485 3547 3562 3552 3562 3583 3615 3653 3693 3739 3768 3788 3806 3816 3828 3854 3889 3918 3945 3977 4003 4028 4016 3951 3884 3804 3760 3714 3654 3634 3615 -32767 -32767 3579 3630 3661 3680 3733 3793 3854 3885 -32767 3806 3748 3688 3629 3566 3507 3446 3391 3324 3288 3273 3245 -32767 -32767 -32767 -32767 -32767 -32767 -32767 -32767 -32767
3385 3433 3488 3501 3486 -32767 -32767 3503 3503 3478 3443 3422 3417 -32767 -32767 -32767 3384 3429 3479 3500 3515 3519 3511 3541 3583 3618 3646 3678 3712 3730 3756 3781 3810 3847 3877 3903 3934 3963 3996 4024 3981 3926 3864 3799 3739 3685 3649 3601 3568 3523 -32767 3538 3600 3630 3638 3684 3737 3789 3838 3873 -32767 -32767 3700 3661 3611 3594 3455 3399 3383 3369 3330 3278 3176 -32767 -32767 -32767 -32767 -32767 -32767 -32767 -32767
3369 3435 3460 3457 3428 -32767 -32767 3445 3437 3444 3434 3406 3361 -32767 -32767 -32767 3367 3412 3454 3437 3427 3451 3489 3516 3559 3584 3618 3642 3669 3700 3730 3770 3803 3832 3868 3910 3939 3963 3997 3974 3930 3888 3843 3789 3736 3684 3649 3594 3548 3511 3469 3492 3531 3540 3593 3627 3686 3733 3788 3846 3855 -32767 3759 3706 3629 3557 3472 3468 3432 3424 3381 3268 3206 -32767 -32767 -32767 -32767 -32767 -32767 -32767 -32767
3363 3417 3438 3417 3365 -32767 -32767 3376 3362 3369 3417 -32767 3371 -32767 -32767 -32767 3377 3389 3398 3395 3384 3426 3451 3484 3495 3551 3601 3642 3678 3715 3737 3780 3813 3854 3889 3925 3947 3978 3987 3924 3883 3830 3796 3755 3709 3666 3634 3584 3522 3486 3437 3441 3498 3528 3538 3583 3617 3687 3748 3808 3854 3838 3779 3711 3639 3554 3528 3513 3476 3422 3363 3239 3227 3128 -32767 -32767 -32767 -32767 -32767 -32767 -32767
3341 3406 3404 3369 3311 3293 3290 3314 -32767 -32767 3345 -32767 -32767 -32767 -32767 -32767 3281 3319 3345 3354 3365 3396 3414 3460 3512 3555 3593 3636 3686 3736 3759 3788 3817 3852 3884 3927 3968 3992 3957 3905 3849 3788 3757 3699 3680 3635 3586 3544 3492 3449 3401 3405 3452 3504 3486 3549 3606 3654 3724 3795 3848 3856 3793 3726 3671 3612 3582 3516 3454 3416 3314 3281 3199 3135 -32767 -32767 -32767 -32767 -32767 -32767 -32767
3326 3387 3411 3367 3303 3242 -32767 3242 -32767 -32767 -32767 -32767 -32767 -32767 -32767 3207 3241 3252 3274 3298 3342 3356 3395 3433 3479 3519 3566 3618 3676 3735 3784 3811 3825 3861 3891 3921 3954 3981 3935 3871 3816 3775 3719 3676 3643 3610 3560 3518 3469 3420 3375 3372 3390 3423 3477 3527 3622 3672 3713 3817 3845 3867 3797 3747 3689 3661 3621 3553 3496 3416 3355 3306 3196 3098 2985 -32767 -32767 -32767 -32767 -32767 -32767
3337 3397 3405 3345 3301 3239 -32767 -32767 -32767 -32767 -32767 -32767 -32767 -32767 3216 3221 3253 3279 3316 3331 3344 3364 3388 3416 3460 3493 3560 3602 3638 3705 3768 3816 3862 3885 3924 3933 3964 3931 3899 3848 3802 3743 3706 3656 3614 3567 3522 3476 3432 3406 3364 3332 3348 3396 3459 3527 3578 3662 3723 3790 -32767 3855 3790 3742 3718 3694 3613 3580 3503 3419 3322 3222 3112 2988 2948 -32767 -32767 -32767 -32767 -32767 -32767
3366 -32767 3361 3318 3258 3213 -32767 -32767 -32767 -32767 -32767 3147 3181 3188 3194 3237 3301 3332 3367 3389 3404 3439 3452 3444 3456 3493 3535 3575 3625 3680 3740 3803 3841 3893 3933 3954 3942 3916 3863 3826 3765 3720 3674 3645 3603 3569 3514 3466 3416 3372 3332 3304 -32767 3381 3433 3495 3576 3643 3746 -32767 -32767 -32767 3755 3718 3685 3630 3603 3521 3414 3353 3245 3121 3063 2980 2932 -32767 -32767 -32767 -32767 -32767 -32767
-32767 -32767 -32767 -32767 3225 3178 3119 -32767 3082 3111 3157 3166 3176 3224 3254 3240 3247 3304 3358 3403 3438 3479 3495 3502 3479 3484 3520 3556 3616 3652 3712 3768 3831 3873 3919 3940 3921 3866 3825 3776 3741 3686 3646 3603 3565 3543 3508 3464 3428 3370 3312 3271 -32767 -32767 3484 3538 3575 3638 3712 -32767 -32767 -32767 -32767 -32767 3619 3570 3515 3424 3354 3250 3163 3088 3034 2940 2883 2852 -32767 -32767 -32767 -32767 -32767
-32767 -32767 -32767 -32767 -32767 3114 3088 -32767 3130 3164 3229 3239 3240 3274 3309 3304 3293 3295 3327 3386 3423 3465 3510 3543 3537 3526 3529 3562 3606 3645 3706 3750 3813 3851 3898 3907 3873 3838 3799 3729 3689 3663 3608 3582 3525 3510 3475 3441 3403 3350 3290 -32767 -32767 3364 3439 3556 3608 3657 3728 -32767 3666 -32767 -32767 -32767 -32767 3490 3425 3372 3272 3157 3077 3022 2960 2876 2839 2800 -32767 -32767 -32767 -32767 -32767
-32767 -32767 -32767 -32767 -32767 3068 3026 -32767 3199 3217 3253 3298 3302 3327 3361 3374 3368 3346 3322 3349 3402 3446 3487 3539 3575 3577 3557 3591 3630 3678 3721 3779 3818 3846 3891 3871 3829 3781 3746 3691 3648 3616 3569 3538 3517 3493 3452 3403 3361 3334 3275 -32767 3286 3367 3435 3533 3585 3669 -32767 -32767 3629 3579 -32767 -32767 -32767 3396 3341 3273 3181 3081 3009 2966 2910 2846 2806 2775 2748 -32767 -32767 -32767 -32767
-32767 -32767 -32767 -32767 -32767 3028 -32767 -32767 3155 3209 3297 3346 3361 3377 3399 3415 3405 3387 3377 3367 3391 3435 3472 3509 3571 3597 3599 3610 3671 3699 3723 3787 3824 3858 3890 3843 3796 3740 3692 3638 3581 3555 3513 3480 3474 3465 3443 3381 3342 3304 3254 -32767 3267 3347 3417 3512 3588 3644 -32767 -32767 3581 3558 3505 3432 3374 3313 3251 3185 3130 3061 3005 2962 2909 2842 2799 2779 2766 2712 -32767 -32767 -32767
-32767 -32767 -32767 -32767 -32767 -32767 3008 3120 3187 3263 3330 3383 3423 3441 3457 3466 3453 3429 3426 3417 3398 3422 3458 3494 3523 3547 3575 3593 3649 3698 3738 3785 3832 3859 3856 3832 3835 3739 3660 3616 3551 3499 3464 3426 3422 3417 3410 3365 3320 3272 3217 -32767 3256 3314 3373 3454 3543 -32767 -32767 -32767 -32767 3530 3477 3416 3332 3279 3220 3147 3099 3051 2995 2943 2895 2873 2843 2823 2777 2704 2672 2646 -32767
2962 2913 -32767 2926 2946 2970 3015 3109 3187 3255 3304 3383 3446 3485 3502 3506 3504 3492 3469 3463 3442 3422 3433 3472 3499 3517 3567 3584 3668 3695 3739 3793 3826 3847 -32767 -32767 -32767 3731 3678 3612 3536 3510 3468 3411 3377 3367 3364 3341 3300 3259 3210 -32767 3241 3305 3364 3422 3490 -32767 -32767 -32767 -32767 3487 3456 3392 3329 3266 3190 3144 3088 3042 2999 2950 2934 2917 2887 2824 2768 2732 2685 2632 2596
2931 2902 2899 2945 2975 3018 3059 3095 3177 3252 3316 3375 3422 3479 3528 3532 3531 3530 3514 3498 3483 3462 3492 3508 3531 3552 3595 3631 3658 3692 3735 3772 3805 3833 -32767 -32767 -32767 -32767 3663 3614 3547 3510 3445 3408 3356 3332 3315 3293 3274 3232 3178 -32767 3196 3290 3340 3388 3416 -32767 -32767 -32767 -32767 -32767 3421 3386 3324 3273 3206 3153 3104 3058 3005 2997 2966 2940 2895 2810 2791 2750 2692 2660 2636
2902 2855 2885 2927 2997 3053 3103 3144 3200 3243 3311 3345 3387 3423 3490 3533 3557 3563 3560 3536 3508 3493 3505 3558 3581 3602 3630 3668 3685 3721 3748 3785 3817 3802 -32767 -32767 -32767 -32767 -32767 3581 3526 3477 3436 3385 3340 3290 3262 3244 3236 3202 3146 -32767 3170 3244 3284 3312 3342 -32767 -32767 -32767 -32767 -32767 -32767 3339 3318 3265 3203 3160 3125 3062 3028 3000 2976 2940 2889 2843 2803 2761 2725 2698 2689
