Exercises/Data/small.asc
ncols        145
nrows        146
xllcorner    86.015416666667
yllcorner    27.866250000000
cellsize     0.000833333333
NODATA_value -32767
[rows 0 to 35 of 146, columns 0 to 80 of 145]
3625 3693 3731 3776 3881 -32767 -32767 3916 3919 3930 3958 3998 4032 4063 4092 4125 4144 4163 4204 4234 4272 -32767 -32767 -32767 -32767 -32767 -32767 -32767 -32767 3953 3970 3994 4004 -32767 -32767 -32767 -32767 -32767 -32767 -32767 -32767 -32767 -32767 -32767 3703 3713 3750 3820 3866 -32767 -32767 -32767 -32767 -32767 -32767 -32767 -32767 -32767 -32767 -32767 -32767 -32767 4349 -32767 -32767 -32767 -32767 -32767 -32767 -32767 -32767 -32767 -32767 -32767 -32767 -32767 -32767 -32767 -32767 4487 4510
3657 3693 3736 3781 -32767 -32767 -32767 -32767 3856 3869 3913 3968 4000 4023 4050 4093 4124 4140 4184 4209 4253 4303 -32767 -32767 -32767 -32767 -32767 -32767 -32767 3908 3902 3915 3952 -32767 -32767 -32767 -32767 -32767 -32767 -32767 -32767 -32767 -32767 3686 3689 3696 3710 -32767 -32767 -32767 -32767 -32767 -32767 -32767 -32767 -32767 -32767 -32767 -32767 -32767 -32767 -32767 -32767 -32767 -32767 -32767 -32767 -32767 -32767 -32767 -32767 -32767 -32767 -32767 -32767 -32767 -32767 -32767 -32767 4448 4462
3663 3700 3728 3782 -32767 -32767 -32767 -32767 3805 3831 3872 3911 3958 3980 4023 4079 4126 4143 4166 4188 4233 4281 -32767 -32767 -32767 -32767 -32767 -32767 -32767 3902 3860 3861 3867 -32767 -32767 -32767 -32767 -32767 3825 -32767 -32767 -32767 -32767 -32767 3684 3678 3685 3709 -32767 -32767 -32767 -32767 -32767 -32767 -32767 -32767 -32767 -32767 -32767 -32767 -32767 -32767 -32767 -32767 -32767 -32767 -32767 -32767 -32767 -32767 -32767 -32767 -32767 -32767 -32767 -32767 -32767 -32767 -32767 4394 4449
3661 3704 3740 3781 -32767 -32767 -32767 -32767 3749 3783 3819 3878 3923 3971 4032 4093 4135 4166 4170 4192 4212 4281 -32767 -32767 -32767 -32767 -32767 -32767 -32767 -32767 -32767 -32767 3823 -32767 -32767 -32767 3810 3801 3789 3794 -32767 -32767 -32767 -32767 3669 3672 3672 3689 3718 -32767 -32767 -32767 -32767 -32767 -32767 -32767 -32767 -32767 -32767 -32767 -32767 -32767 -32767 -32767 -32767 -32767 -32767 -32767 -32767 -32767 -32767 -32767 -32767 -32767 -32767 -32767 -32767 -32767 -32767 4418 4459
3681 3713 3743 -32767 -32767 -32767 -32767 3707 3736 3768 3806 3864 3926 3971 4051 4108 -32767 -32767 4187 4192 4221 4231 -32767 -32767 -32767 -32767 -32767 -32767 -32767 -32767 -32767 -32767 -32767 -32767 -32767 -32767 3766 3764 3768 -32767 -32767 -32767 -32767 -32767 3660 3650 3657 3667 3686 3704 3720 3742 3786 -32767 -32767 -32767 -32767 -32767 -32767 -32767 -32767 -32767 -32767 -32767 -32767 -32767 -32767 -32767 -32767 -32767 -32767 -32767 -32767 -32767 -32767 -32767 -32767 -32767 -32767 4456 4506
3692 3716 3742 -32767 -32767 -32767 -32767 3709 3738 3766 3811 3852 3928 3969 4068 4105 -32767 -32767 -32767 4157 4161 -32767 -32767 -32767 -32767 -32767 -32767 -32767 -32767 -32767 -32767 -32767 -32767 -32767 3742 3743 3739 3731 3731 -32767 -32767 -32767 -32767 -32767 -32767 -32767 3605 3647 3647 3664 3668 3687 3710 -32767 -32767 -32767 -32767 -32767 -32767 -32767 -32767 3986 -32767 -32767 -32767 -32767 -32767 -32767 4051 -32767 -32767 -32767 -32767 -32767 4243 4262 4310 4365 4408 4454 4499
3711 3704 -32767 -32767 -32767 -32767 3615 3668 3709 3787 3826 3869 3931 3994 4055 -32767 -32767 -32767 -32767 -32767 4103 -32767 -32767 -32767 -32767 -32767 -32767 -32767 -32767 -32767 -32767 -32767 -32767 -32767 3685 3707 3703 -32767 -32767 -32767 -32767 -32767 -32767 -32767 -32767 3520 3534 3540 3546 3592 3614 3639 3649 3671 3713 -32767 -32767 -32767 -32767 -32767 3929 3937 3953 -32767 -32767 -32767 3955 3966 3984 4006 -32767 -32767 -32767 4197 4238 4273 4311 4361 4401 4447 4493
3721 -32767 -32767 -32767 -32767 -32767 3572 3627 3717 3770 3831 3890 3946 3970 3988 -32767 -32767 -32767 -32767 4007 4054 -32767 -32767 -32767 -32767 -32767 -32767 -32767 -32767 -32767 -32767 -32767 -32767 -32767 -32767 3665 3665 -32767 -32767 -32767 -32767 -32767 -32767 -32767 3502 3535 3565 3631 3634 3642 3616 3617 3625 3637 3664 3677 3736 3773 3821 3873 3886 3889 3891 -32767 -32767 3889 3909 3948 3973 4013 4032 4134 4155 4196 4250 4283 4327 4371 4403 4453 4476
-32767 -32767 -32767 -32767 -32767 -32767 -32767 -32767 -32767 -32767 -32767 -32767 -32767 -32767 -32767 -32767 -32767 -32767 -32767 3938 3984 4025 -32767 -32767 -32767 -32767 -32767 -32767 -32767 -32767 -32767 -32767 -32767 -32767 -32767 -32767 -32767 -32767 -32767 -32767 -32767 -32767 -32767 3508 3553 3602 3638 3684 3682 3718 3714 3696 3683 3683 3695 3697 3697 3728 3773 3815 3836 3839 3832 3840 3873 3911 3944 3973 4021 4028 4044 4089 4154 4194 4238 -32767 -32767 -32767 -32767 4540 4557
-32767 -32767 -32767 -32767 -32767 -32767 -32767 -32767 -32767 -32767 -32767 -32767 -32767 -32767 -32767 -32767 -32767 -32767 -32767 3891 3943 3990 -32767 -32767 -32767 -32767 -32767 -32767 -32767 -32767 -32767 -32767 -32767 -32767 -32767 -32767 -32767 -32767 -32767 -32767 -32767 -32767 3509 3533 3582 3622 3676 3712 3769 3811 3817 3779 3784 3741 3743 3738 3735 3718 3744 3762 3782 3803 3828 3876 3903 3946 3998 4033 4051 4075 4098 4122 4153 4199 -32767 -32767 -32767 -32767 -32767 -32767 4625
-32767 -32767 -32767 -32767 -32767 -32767 -32767 -32767 -32767 -32767 -32767 -32767 -32767 -32767 -32767 -32767 -32767 -32767 -32767 3849 3896 3893 3919 -32767 -32767 -32767 -32767 -32767 -32767 -32767 -32767 -32767 -32767 -32767 -32767 -32767 -32767 -32767 -32767 3400 3475 3512 3564 3601 3636 3676 3709 3746 3790 3840 3887 3892 3865 3840 3828 3805 3789 3760 3764 3799 3828 3854 3879 3928 3960 3978 3993 3996 4019 4103 4112 4136 4170 4212 -32767 4350 4371 -32767 4575 4615 4649
-32767 -32767 -32767 -32767 -32767 -32767 -32767 3381 3439 3497 -32767 -32767 -32767 -32767 -32767 -32767 -32767 -32767 3731 3786 3809 3844 3855 3894 -32767 -32767 -32767 -32767 -32767 -32767 -32767 -32767 -32767 -32767 -32767 -32767 -32767 3372 3410 3440 3470 3525 3577 3624 3667 3706 3758 3802 3836 3882 3925 3969 3977 3952 3912 3862 3842 3810 3778 3781 3802 3835 3846 3894 3919 3943 3953 3972 -32767 -32767 4128 4173 4188 4237 -32767 4328 4369 4426 4496 4564 4622
-32767 -32767 -32767 -32767 -32767 -32767 -32767 3310 3374 3440 3507 -32767 -32767 -32767 -32767 -32767 -32767 -32767 -32767 3725 3746 3764 3797 3838 -32767 -32767 -32767 -32767 -32767 -32767 -32767 -32767 -32767 -32767 -32767 3365 3386 3409 3454 3479 3510 3558 3602 3629 3699 3753 3798 3837 3878 3940 3969 3999 4026 4040 4001 3960 3921 3909 3868 3851 3840 3849 3873 3888 3914 3939 3954 -32767 -32767 -32767 4127 4172 4208 4255 4282 4342 4381 4427 4458 4513 4564
-32767 -32767 -32767 -32767 -32767 -32767 -32767 -32767 3329 3392 3424 -32767 -32767 -32767 -32767 -32767 -32767 -32767 3589 3623 3667 3711 3750 3831 -32767 -32767 -32767 -32767 -32767 -32767 -32767 -32767 -32767 -32767 -32767 3413 3449 3473 3503 3526 3560 3612 3666 3709 3741 3784 3823 3851 3912 3959 3996 4025 4073 4084 4090 4081 3996 3949 3953 3950 3937 3931 3933 3936 3942 3956 -32767 -32767 -32767 -32767 4143 4190 4222 4287 4315 4379 4412 4447 4468 4506 4552
-32767 -32767 -32767 -32767 -32767 -32767 -32767 -32767 3271 3318 -32767 -32767 -32767 -32767 3448 -32767 -32767 3511 3542 3586 3646 3690 3748 3792 -32767 -32767 -32767 -32767 -32767 -32767 -32767 -32767 -32767 -32767 3413 3462 3479 3528 3550 3589 3628 3685 3708 3754 3791 3813 3862 3901 3941 3978 4013 4060 4091 4130 4176 4173 4102 4082 4039 3983 3994 3997 3960 3996 -32767 -32767 -32767 -32767 4142 4152 4152 4192 4220 4284 4319 4363 4423 4465 4476 4514 4576
-32767 -32767 -32767 3167 3210 -32767 -32767 -32767 -32767 3234 -32767 -32767 -32767 3316 3358 3399 3432 3466 3517 3571 3618 3651 3709 3788 -32767 -32767 -32767 -32767 -32767 -32767 -32767 -32767 -32767 -32767 3441 3486 3533 3573 3614 3664 3685 3726 3755 3776 3810 3838 3862 3901 3940 3976 4024 4081 4118 4131 4156 4181 4190 4162 4107 4181 4086 -32767 -32767 -32767 -32767 -32767 -32767 -32767 -32767 -32767 -32767 4288 4299 4295 4301 4346 4410 4471 4521 4572 4600
3069 -32767 3076 3103 3157 3203 -32767 -32767 -32767 3156 3176 3199 3235 3274 3310 3361 3409 3446 3501 3536 3580 3612 3658 -32767 -32767 -32767 -32767 -32767 -32767 -32767 -32767 -32767 -32767 3397 3485 3556 3612 3652 3655 3676 3709 3732 3760 3800 3824 3831 3884 3923 3978 3999 4028 4076 4089 4096 4128 4160 4184 4201 4220 4237 4198 -32767 -32767 -32767 -32767 -32767 -32767 -32767 -32767 4363 4350 4350 4324 4354 4380 4416 4412 4457 4485 4539 4587
2990 2999 3004 3033 3099 3103 -32767 -32767 -32767 3089 3120 3154 3201 3233 3269 3316 3348 3399 3434 3493 3531 3565 -32767 -32767 -32767 -32767 -32767 -32767 -32767 -32767 -32767 -32767 3340 3421 3463 3539 3608 3634 3662 3687 3708 3742 3756 3790 3816 3846 3882 3909 3951 3971 4022 4043 4064 4075 4097 4124 4140 4173 4207 4245 4268 4263 -32767 -32767 -32767 -32767 -32767 -32767 -32767 4362 4388 4392 4416 4434 4416 4452 4489 4507 4523 4540 4570
2920 2932 2936 2946 2985 3034 3054 -32767 -32767 -32767 3093 3119 3154 3181 3223 3266 3304 3344 3406 3446 3483 -32767 -32767 -32767 -32767 -32767 -32767 -32767 -32767 -32767 -32767 -32767 3316 3374 3486 3538 3583 3616 3642 3665 3700 3715 3740 3761 3780 3805 3845 3873 3905 3961 4005 4040 4046 4063 4089 4100 4115 4132 4167 4204 4233 4250 -32767 -32767 -32767 -32767 -32767 -32767 4325 4354 4399 4432 4440 4474 4493 4518 4539 4565 4589 4620 4664
2869 2879 2874 2883 2911 2947 2980 -32767 -32767 3018 3048 3073 3091 3124 3180 3209 3251 3293 3344 3385 -32767 -32767 -32767 -32767 -32767 -32767 -32767 -32767 -32767 -32767 -32767 -32767 3309 3374 3465 3519 3564 3595 3604 3627 3653 3670 3705 3726 3754 3784 3835 3858 3896 3937 3999 4028 4027 4055 4063 4066 4079 4111 4133 4157 4200 4221 -32767 -32767 -32767 -32767 -32767 -32767 4292 4324 4362 4400 4435 4463 4507 4531 4578 4597 4627 4647 4687
2913 2890 2893 2917 2908 2894 2906 2923 2941 2946 2954 2977 3018 3070 3115 3134 3163 3214 3285 -32767 -32767 -32767 -32767 -32767 -32767 -32767 -32767 -32767 -32767 -32767 -32767 3261 3325 3357 3452 3500 3534 3560 3581 3600 3639 3690 3717 3749 3790 3823 3863 3882 3921 3943 3980 4012 4048 4025 4028 4036 4061 4079 4112 4155 4187 4222 -32767 -32767 -32767 -32767 -32767 4277 4290 4292 4303 4367 4419 4454 4493 4523 4578 4618 4657 4698 4728
2979 2979 2990 2977 2953 2931 2946 2949 2947 2956 2956 2956 2940 2967 3029 3069 3109 3154 3196 3242 -32767 -32767 -32767 -32767 -32767 -32767 -32767 -32767 -32767 -32767 3231 3242 3293 3345 3432 3481 3517 3536 3553 3608 3646 3691 3737 3766 3793 3828 3859 3904 3934 3960 3992 4000 3991 3987 3992 4030 4047 4047 4106 4141 4175 -32767 -32767 -32767 -32767 -32767 -32767 4244 4278 4294 4321 4352 4401 4443 4476 4525 4567 4608 4642 4693 4730
3023 3021 3022 3015 2976 2988 2992 3006 3015 3021 3026 3022 3002 2973 2968 2998 3056 3096 3144 -32767 -32767 -32767 -32767 -32767 -32767 -32767 3158 3203 3242 3269 3280 3276 3277 3316 3382 3439 3474 3503 3547 3595 3634 3659 3699 3745 3789 3818 3859 3885 3914 3935 3969 3971 3956 3951 3958 4003 4037 4063 4108 4140 -32767 -32767 -32767 -32767 -32767 -32767 -32767 4163 4205 4263 4316 4356 4378 4421 4479 4517 4570 4627 4645 4676 4733
3067 3079 3048 3018 2989 3015 3056 3083 3080 3071 3076 3070 3057 3042 3018 2986 3003 3032 3075 3093 -32767 -32767 3117 3114 3134 3174 3197 3231 3305 3325 3330 3325 3314 3322 3368 3423 3466 3503 3537 3580 3617 3651 3689 3731 3763 3802 3837 3870 3898 3921 3929 3939 3936 3938 3957 4005 4025 4077 -32767 -32767 -32767 -32767 -32767 -32767 -32767 -32767 -32767 4139 4171 4239 4292 4350 4384 4422 4453 4494 4540 4552 4683 4719 4727
3102 3086 3048 3020 3009 3068 3123 3138 3133 3131 3127 3128 3109 3094 3072 3075 3044 3018 3023 3040 3048 3086 3143 3168 3195 3233 3232 3375 3372 3367 3370 3370 3364 3344 3355 3402 3455 3504 3531 3580 3606 3647 3694 3734 3746 3782 3827 3863 3889 3909 3921 3929 3937 3941 3979 4032 -32767 -32767 -32767 -32767 -32767 -32767 -32767 -32767 -32767 -32767 4144 4151 4175 4224 4284 4339 4346 4440 4469 4507 4509 4541 4594 4653 4695
3119 3105 3048 3036 3063 3124 3155 3190 3190 3198 3192 3177 3167 3148 3128 3108 3097 3081 3081 3076 3079 3097 3168 3223 3272 3298 3356 3378 3416 3420 3419 3411 3413 3402 3374 3392 3439 3489 3524 3573 3598 3642 3681 3702 3724 3773 3825 3853 3883 3890 3902 3918 3933 3953 3973 4047 -32767 -32767 -32767 -32767 -32767 -32767 -32767 -32767 -32767 -32767 4137 4153 4190 4225 4295 -32767 -32767 4417 -32767 4450 4476 4502 4514 4531 4534
3146 3111 3076 3055 3097 3132 3186 3245 3245 3256 3248 3243 3219 3203 3188 3163 3152 3162 3171 3144 3137 3115 3140 3209 3279 3368 3378 3412 3449 3463 3460 3451 3456 3458 3438 3408 3417 3474 3516 3550 3588 3623 3648 3682 3723 3759 3797 3853 3872 3898 3906 3911 3927 3958 4010 4063 -32767 -32767 -32767 -32767 -32767 -32767 -32767 -32767 -32767 4137 4148 4168 4221 -32767 -32767 -32767 -32767 4357 4360 4382 4425 4452 4488 4508 4521
3173 3139 3106 3080 3101 3156 3172 3295 3309 3320 3311 3297 3268 3252 3238 3208 3209 3217 3223 3210 3206 3178 3140 3191 3240 3355 3408 3441 3501 3522 3513 3507 3504 3508 3488 3463 3443 3452 3496 3529 3561 3604 3640 3666 3704 3726 3773 3809 3844 3883 3913 3940 3971 3985 4014 -32767 -32767 -32767 -32767 -32767 -32767 -32767 -32767 -32767 -32767 4134 -32767 -32767 -32767 4189 4235 4244 4243 4266 4308 4348 4394 4434 4473 4500 4541
3191 3152 3125 3122 3122 3174 3233 3298 3355 3372 3361 3336 3309 3288 3268 3250 3229 3228 3239 3252 3240 3233 3175 3163 3263 3327 3395 3448 3536 3561 3563 3551 3535 3530 3522 3505 3492 3470 3457 3494 3527 3566 3608 3638 3680 3701 3732 3774 3816 3868 3905 3931 3972 4003 -32767 -32767 -32767 -32767 -32767 -32767 -32767 -32767 -32767 -32767 -32767 -32767 -32767 -32767 -32767 4149 4181 4194 4213 4237 4280 4328 4384 4425 4483 4534 4567
3220 3166 3132 3154 3176 3197 3232 3265 3380 3393 3397 3379 3334 3319 3307 3281 3270 3249 3256 3279 3287 3263 3213 3191 3232 3307 3372 3452 3526 3566 3594 3577 3581 3570 3575 3550 3531 3519 3485 3470 3485 3526 3564 3599 3633 3674 3718 3760 3801 3850 3883 3917 3961 4014 -32767 -32767 -32767 -32767 -32767 -32767 -32767 -32767 -32767 -32767 -32767 -32767 -32767 3993 4037 4102 4146 4177 4201 4229 4262 4310 4376 4425 4468 4512 4554
3213 3175 3157 3193 3230 3225 3246 3301 3372 3430 3431 3404 3369 3365 3354 3338 3324 3299 3283 3271 3294 3290 3231 3206 3217 3300 3377 3445 3498 3540 3617 3624 3619 3618 3620 3606 3592 3569 3551 3528 3505 3504 3536 3559 3607 3646 3705 3754 3787 3833 3861 3901 3945 3987 -32767 -32767 -32767 -32767 -32767 -32767 -32767 -32767 -32767 -32767 3878 3896 3917 3948 3994 4081 4133 4157 4182 4213 4267 4324 4361 4416 4456 4504 4536
3219 3196 3216 3239 3258 3255 3291 3336 3367 3443 3452 3446 3415 3404 3388 3377 3367 3357 3336 3313 3302 3308 3273 3250 3213 3276 3334 3413 3450 3506 3573 3611 3634 3641 3644 3641 3635 3628 3624 3588 3564 3538 3511 3524 3557 3593 3650 3711 3744 3779 3827 3879 -32767 -32767 -32767 -32767 -32767 -32767 -32767 -32767 -32767 -32767 -32767 3841 3857 3873 3889 3911 3952 4088 4131 4183 4202 4224 4262 4331 4370 4424 4472 4507 4544
3238 3213 3243 3257 3281 3285 3295 3339 3411 3455 3475 3474 3451 3436 3418 3410 3408 3402 3388 3366 3358 3348 3322 3295 3249 3248 3255 3369 3411 3456 3505 3565 3604 3608 3626 3644 3664 3671 3687 3687 3631 3581 3555 3533 3536 3556 3582 3642 3681 3729 3771 -32767 -32767 -32767 -32767 -32767 -32767 -32767 -32767 -32767 -32767 -32767 3803 3828 3850 3870 3881 4030 4060 4115 4166 4204 4244 4268 4297 4369 4395 4426 4473 4514 4553
3266 3234 3259 3327 3323 3329 3335 3365 3415 3489 3525 3520 3494 3477 3459 3445 3435 3439 3422 3422 3405 3378 3369 3342 3317 3284 3275 3292 3345 3371 3448 3481 3522 3557 3581 3615 3677 3704 3719 3722 3703 3660 3622 3583 3563 3554 3567 3592 3614 3643 3675 -32767 -32767 -32767 -32767 -32767 -32767 -32767 -32767 3764 3771 3780 3811 3832 3865 3884 3943 4021 4070 4148 4177 4240 4273 4300 4337 4358 4413 4443 4481 4504 4553
3299 3286 3275 3301 3335 3365 3351 3375 3451 3517 3543 3559 3551 3527 3506 3499 3491 3480 3471 3463 3442 3427 3424 3400 3373 3349 3321 3308 3315 3317 3363 3444 3470 3509 3549 3592 3638 3688 3730 3766 3762 3734 3714 3676 3626 3602 3585 3584 3584 3603 3628 3647 3655 3676 3700 3698 3718 3715 3736 3749 3761 3778 3808 3853 -32767 -32767 -32767 4065 4096 4135 4186 4241 4283 4329 4374 4405 4432 4471 4516 4564 4585
3344 3335 3334 3319 3351 3412 3419 3444 3476 3572 3590 3590 3582 3568 3550 3546 3528 3519 3514 3486 3477 3473 3455 3435 3416 3400 3373 3357 3371 3371 3367 3421 3451 3484 3543 3596 3633 3668 3708 3753 3791 3806 3793 3767 3740 3686 3648 3618 3608 3618 3634 3634 3643 3664 3675 3702 3709 3731 3744 3765 3776 3808 -32767 3916 3907 -32767 -32767 4093 4129 4200 4220 4244 4304 4340 4381 4423 4465 4502 4538 4577 4600
