Exercises/Data/small.asc
ncols        145
nrows        146
xllcorner    86.015416666667
yllcorner    27.866250000000
cellsize     0.000833333333
NODATA_value -32767
[rows 72 to 107 of 146, columns 0 to 80 of 145]
-32767 -32767 -32767 -32767 -32767 -32767 -32767 -32767 -32767 -32767 -32767 3947 4005 4072 4140 4206 4217 4187 4180 4162 4142 4136 4133 4123 4127 4112 4112 4109 4113 4113 4120 4126 4117 4124 4119 4116 4132 4109 4078 -32767 -32767 -32767 3883 3900 3926 3952 3971 3964 3938 3941 3950 3949 3953 3941 3924 3904 3875 3847 3830 3818 3803 3796 3814 3847 3862 3887 3916 3967 4037 4067 4085 4093 4090 4130 4124 4139 4134 4122 4123 4118 4119
-32767 -32767 -32767 -32767 -32767 -32767 -32767 3725 3791 3799 3861 3909 3952 4026 4072 4161 4194 4204 4200 4189 4173 4158 4158 4148 4145 4133 4126 4126 4125 4129 4129 4135 4142 4145 4139 4140 4148 4128 4078 -32767 3980 3932 3896 3909 3944 3983 4004 4010 3986 3979 3975 3976 3989 3981 3969 3948 3908 3881 3860 3843 3827 3814 3809 3818 3824 3842 3874 3906 3920 3981 4035 4029 4030 4047 4077 4094 4099 4097 4089 4108 4123
-32767 -32767 -32767 -32767 -32767 -32767 -32767 3719 3764 3819 3837 3890 3923 3995 4045 4102 4153 4173 4191 4212 4193 4187 4171 4171 4173 4166 4156 4145 4150 4149 4151 4158 4159 4174 4172 4171 4166 4133 4090 4046 3999 3960 3919 3911 3943 3984 4033 4040 4029 4005 3994 4007 4015 4025 4011 3978 3947 3924 3901 3881 3869 3861 3850 3834 3818 3820 3830 3849 3882 3917 3935 3958 3973 3994 4023 4053 4060 4065 4068 4089 4114
-32767 -32767 -32767 -32767 -32767 -32767 -32767 3768 3812 3828 3846 3886 3908 3962 4007 4068 4098 4124 4140 4184 4221 4208 4202 4199 4197 4188 4170 4162 4160 4165 4168 4164 4182 4189 4205 4204 4189 4146 4101 4062 4028 3987 3951 3910 3929 3971 4020 4077 4073 4037 4018 4024 4035 4061 4046 4016 3987 3967 3942 3923 3923 3913 3897 3881 3852 3829 3827 3841 3848 3869 3887 3908 3939 3967 3992 4013 4031 4063 4085 4091 4111
-32767 -32767 -32767 3451 3535 -32767 -32767 3703 3746 3817 3879 3918 3924 3959 4008 4030 4047 4053 4083 4138 4159 4164 4183 4197 4207 4212 4206 4183 4180 4178 4189 4185 4191 4207 4221 4218 4175 4140 4093 4063 4040 4005 3970 3927 3927 3967 4008 4113 4116 4086 4063 4071 4073 4087 4090 4059 4028 4007 3968 3974 3966 3946 3935 3923 3906 3886 3880 3891 3900 3896 3892 3895 3910 3933 3961 4001 4040 4070 4113 4130 4146
-32767 -32767 -32767 3425 3494 -32767 -32767 -32767 -32767 3776 3828 3918 3940 3959 3970 3987 3990 3998 4029 4052 4079 4103 4116 4147 4161 4180 4204 4210 4201 4199 4208 4220 4223 4233 4237 4234 4213 4164 4112 4090 4053 4030 3993 3956 3925 3955 4012 4069 4138 4136 4106 4109 4123 4147 4136 4108 4080 4036 4023 4018 4013 3984 3975 3965 3955 3947 3937 3939 3947 3946 3937 3933 3929 3948 3972 3990 4014 4055 4138 4156 4157
-32767 -32767 3355 3432 3483 -32767 -32767 -32767 -32767 -32767 3804 3861 3927 -32767 -32767 -32767 3917 3926 3957 3988 4014 4039 4065 4101 4135 4148 4192 4230 4229 4227 4220 4234 4238 4256 4261 4259 4248 4209 4155 4115 4075 4046 4016 3981 3947 3945 3999 4056 4111 4159 4137 4138 4155 4177 4167 4142 4114 4076 4061 4069 4063 4035 4020 4025 4011 3993 3973 3974 3977 3985 3991 3985 3982 3989 4004 4021 4035 4093 4108 4179 4197
3198 3271 3340 3389 3465 -32767 -32767 -32767 -32767 -32767 3792 3854 3902 -32767 -32767 -32767 3866 3875 3905 3927 3956 3992 4038 4084 4122 4150 4179 4242 4243 4241 4236 4241 4251 4258 4279 4284 4275 4250 4200 4159 4120 4074 4039 4001 3965 3947 3984 4037 4081 4161 4183 4187 4192 4207 4206 4175 4137 4105 4104 4110 4101 4078 4066 4058 4048 4026 4006 4008 4030 4034 4040 4035 4028 4029 4058 4071 4076 4101 4059 4181 4225
3177 3228 3277 3349 3447 3535 -32767 -32767 -32767 -32767 3745 3800 -32767 -32767 -32767 -32767 3800 3827 3860 3898 3932 3973 4005 4056 4093 4148 4177 4183 4198 4195 4196 4203 4220 4226 4260 4283 4276 4248 4225 4185 4150 4106 4082 4035 3994 3960 3964 4025 4079 4150 4206 4211 4220 4227 4248 4208 4164 4135 4128 4131 4136 4124 4106 4095 4081 4065 4046 4046 4066 4076 4083 4073 4073 4084 4106 4121 4136 4130 4177 4222 4238
3187 3226 3290 3328 3394 3461 -32767 -32767 -32767 -32767 -32767 3704 -32767 -32767 -32767 -32767 3743 3802 3852 3900 3931 3965 4001 4045 4086 4109 4117 4126 4150 4171 4178 4178 4193 4201 4225 4252 4318 4286 4240 4208 4176 4141 4109 4069 4031 3980 3962 3995 4047 4100 4176 4232 4255 4275 4274 4246 4197 4164 4165 4170 4170 4166 4153 4139 4124 4092 4081 4092 4106 4111 4128 4127 4119 4145 4153 4175 4178 4178 4193 4232 4253
3179 3246 3294 3364 3417 3451 -32767 -32767 -32767 -32767 -32767 -32767 -32767 -32767 -32767 -32767 3724 3775 3849 3891 3930 3960 3993 4013 4038 4056 4070 4077 4108 4145 4160 4167 4191 4199 4234 4259 4321 4330 4276 4232 4205 4186 4140 4096 4067 4010 3974 3984 4027 4082 4147 4231 4250 4274 4300 4274 4226 4200 4188 4198 4203 4202 4194 4169 4141 4123 4126 4144 4144 4162 4179 4173 4159 4182 4195 4208 4215 4216 4230 4255 4280
3152 3228 3292 3349 3404 3453 -32767 -32767 -32767 -32767 -32767 -32767 -32767 -32767 -32767 -32767 3724 3784 3804 3849 -32767 -32767 -32767 3944 3972 4019 4041 4058 4075 4119 4135 4131 4140 4186 4221 4260 4284 4345 4334 4269 4232 4204 4168 4139 4101 4049 3996 3985 4019 4057 4127 4181 4220 4257 4280 4287 4263 4238 4227 4231 4231 4224 4227 4211 4185 4180 4173 4189 4183 4203 4208 4221 4209 4212 4217 4227 4232 4232 4263 4270 4280
3129 3194 3255 3319 3369 -32767 -32767 -32767 -32767 -32767 -32767 -32767 -32767 -32767 -32767 3604 3628 3667 -32767 -32767 -32767 -32767 -32767 3884 3914 3970 4011 4039 4069 4101 4120 4129 4125 4146 4178 4245 4297 4337 4351 4306 4259 4223 4192 4174 4126 4067 4014 3989 4017 4060 4115 4171 4243 4274 4286 4316 4287 4275 4254 4231 4245 4243 4256 4242 4227 4210 4222 4198 4202 4213 4240 4255 4238 4232 4234 4243 4256 4266 4282 4298 4305
3110 3150 3192 3251 -32767 -32767 -32767 -32767 -32767 -32767 -32767 -32767 -32767 -32767 3505 3539 3561 3589 3646 3681 -32767 -32767 3804 3836 3856 3917 3968 4008 4040 4089 4110 4122 4141 4145 4170 4214 4271 4330 4376 4344 4292 4245 4224 4199 4167 4093 4041 4011 4008 4052 4100 4152 4238 4265 4289 4305 4329 4305 4278 4276 4272 4272 4283 4276 4247 4229 4234 4240 4227 4238 4256 4273 4276 4257 4249 4267 4288 4299 4312 4334 4324
3096 3101 3124 3154 -32767 -32767 -32767 -32767 -32767 -32767 -32767 -32767 3337 3427 3453 3471 3501 3526 3585 3645 3700 3731 3736 3788 3834 3871 3925 3949 3970 4023 4088 4109 4142 4156 4171 4204 4245 4292 4362 4380 4324 4289 4254 4226 4193 4127 4077 4036 4030 4048 4125 4161 4190 4273 4320 4327 4363 4341 4323 4303 4301 4307 4315 4302 4267 4239 4228 4233 4244 4265 4283 4297 4306 4282 4283 4297 4292 4303 4332 4335 4354
3033 3055 3074 -32767 -32767 -32767 -32767 -32767 -32767 -32767 -32767 -32767 3367 3375 3400 3430 3450 3499 3547 3588 3633 3656 3708 3765 3800 3834 3864 3897 3916 3965 4014 4051 4092 4136 4166 4181 4207 4249 4290 4311 4357 4313 4278 4243 4227 4170 4128 4084 4059 4069 4108 4169 4199 4253 4335 4372 4382 4371 4344 4331 4328 4330 4335 4312 4280 4269 4235 4233 4245 4267 4287 4297 4305 4323 4319 4324 4310 4301 -32767 -32767 -32767
2972 2990 2999 -32767 -32767 -32767 -32767 -32767 -32767 -32767 -32767 -32767 -32767 3332 3350 3374 3424 3444 3491 3524 3561 3597 3652 3703 3753 3778 3810 3836 3871 3920 3958 4017 4047 4093 4137 4162 4173 4214 4241 4269 4289 4327 4318 4284 4251 4242 4192 4135 4107 4084 4114 4154 4191 4235 4274 4303 4397 4389 4371 4355 4352 4365 4383 4362 4318 4291 4259 4244 4247 4271 4302 4321 4351 4365 4347 4341 -32767 -32767 -32767 -32767 -32767
2969 3015 3067 3066 -32767 -32767 -32767 -32767 -32767 -32767 -32767 -32767 -32767 3303 3334 3363 3373 3400 3443 3469 3515 3551 3586 3626 3678 3714 3759 3795 3851 3877 3917 3972 4007 4044 4077 4123 4157 4191 4219 4246 4286 4323 4346 4315 4274 4279 4237 4188 4141 4106 4109 4154 4183 4227 4257 4291 4365 4392 4404 4379 4372 4393 4392 4391 4355 4333 4317 4282 4285 4303 4324 4332 4360 4392 -32767 -32767 -32767 -32767 -32767 -32767 -32767
3019 3055 3094 3122 3131 3181 3184 -32767 -32767 -32767 -32767 -32767 -32767 3325 3335 3381 3433 3450 3465 3493 3531 3555 3609 3632 3652 3691 3730 3784 3814 3869 3899 3933 3975 4019 4063 4110 4139 4162 4181 4222 4263 4294 4337 4344 4318 4288 4293 4248 4169 4149 4123 4141 4191 4212 4221 4250 4298 4340 4408 4403 4409 -32767 -32767 4407 4377 4362 4365 4347 4325 4333 4341 4353 -32767 -32767 -32767 -32767 -32767 -32767 -32767 -32767 -32767
3069 3052 3082 3124 3171 3210 3250 3252 -32767 -32767 -32767 -32767 3360 3370 3376 3405 3427 3459 3490 3518 3551 3585 3630 3670 3706 3722 3754 3803 3833 3872 3900 3934 3977 3991 4038 4075 4113 4143 4160 4181 4229 4261 4280 4307 4368 4370 -32767 -32767 4207 4168 4134 4141 4178 4203 4214 4231 4261 4306 4338 4405 4414 -32767 -32767 -32767 4393 4376 4363 4377 4360 4344 4358 -32767 -32767 -32767 -32767 -32767 -32767 -32767 -32767 -32767 -32767
3137 3133 3129 3117 3160 3209 3213 3245 3276 3319 3337 3365 3370 3405 3433 3448 3461 3471 3481 3527 3561 3615 3641 3686 3718 3765 3792 3827 3841 3876 3908 3932 3958 3980 4015 4060 4091 4125 4149 4168 4196 4231 4259 4289 -32767 -32767 -32767 -32767 -32767 4191 4160 4150 4167 4185 4218 4234 4237 4264 4309 4396 4435 4429 -32767 -32767 -32767 -32767 -32767 -32767 -32767 -32767 -32767 -32767 -32767 -32767 -32767 -32767 -32767 -32767 -32767 -32767 -32767
3159 3167 3187 3181 3156 3195 3233 3224 3258 3298 3352 3388 3397 3416 3453 3490 3509 3517 3523 3533 3584 3620 3646 3698 3725 3773 3819 3846 3870 3882 3922 3952 3965 3972 4002 4029 4064 4104 4153 4187 4208 4224 4248 4285 4327 -32767 -32767 -32767 -32767 4234 4185 4171 4173 4189 4203 4228 4244 4258 4298 4342 4409 4421 4394 4371 4347 4322 -32767 -32767 -32767 -32767 -32767 -32767 -32767 -32767 -32767 -32767 -32767 -32767 -32767 -32767 -32767
3208 3186 3185 3216 3199 3179 3217 3262 3280 3291 3347 3350 3363 3380 3436 3481 3510 3548 3570 3587 3597 3623 3664 3703 3734 3770 3812 3847 3870 3883 3908 3936 3958 3976 3997 4019 4055 4087 4121 4154 4184 4210 4216 4245 4297 -32767 -32767 -32767 -32767 4280 4240 4217 4193 4191 4207 4221 4236 4248 4308 4315 4363 4427 4409 4380 4352 4315 -32767 -32767 -32767 -32767 -32767 -32767 -32767 -32767 -32767 -32767 -32767 -32767 -32767 -32767 -32767
3261 3233 3207 3208 3244 3239 3220 3226 3276 3286 3309 3304 3328 3331 3363 3402 3451 3508 3537 3579 3616 3641 3667 3687 3723 3755 3787 3809 3822 3845 3865 3882 3908 3940 3972 3989 4024 4052 4088 4116 4155 4182 4209 4230 4243 4283 -32767 4318 -32767 4318 4280 4249 4220 4209 4216 4228 4241 4253 4308 4332 4337 4375 4437 4416 4374 4325 4279 -32767 -32767 -32767 -32767 -32767 -32767 -32767 -32767 -32767 -32767 -32767 -32767 -32767 -32767
3313 3285 3256 3212 3218 3255 3275 3262 3253 3266 3289 3319 3346 3366 3372 3393 3397 3423 3457 3495 3555 3582 3616 3643 3668 3704 3741 3758 3776 3798 3817 3837 3858 3890 3918 3969 4007 4028 4040 4075 4114 4128 4170 4206 4227 4239 4271 4297 4317 4347 4300 4272 4243 4221 4226 4232 4257 4279 4308 4330 4349 4362 4388 4439 4414 4354 -32767 -32767 -32767 -32767 -32767 -32767 -32767 -32767 -32767 -32767 -32767 -32767 -32767 -32767 -32767
3349 3324 3287 3246 3218 3237 3251 3275 3291 3301 3313 3333 3357 3391 3433 3431 3426 3420 3422 3433 3459 3498 3543 3585 3604 3628 3659 3698 3721 3761 3775 3797 3825 3846 3891 3947 3971 4007 4034 4041 4065 4113 4151 4181 4217 4222 4235 4280 4305 4351 4341 4297 4254 4235 4240 4251 4269 4296 4316 4324 4344 4359 4376 4396 -32767 -32767 -32767 -32767 -32767 -32767 -32767 -32767 -32767 -32767 -32767 -32767 -32767 -32767 -32767 -32767 -32767
3369 3352 3303 3232 3230 3235 3252 3263 3275 3291 3305 3329 3346 3387 3428 3467 3477 3472 3473 3473 3467 3466 3484 3524 3549 3575 3608 3650 3689 3707 3738 3785 3808 3833 3874 3933 3958 3982 4023 4041 4046 4076 4140 4177 4200 4235 4238 4274 4300 4346 4371 4325 4281 4253 4252 4266 4292 4314 4318 4325 4340 4368 4376 4416 -32767 -32767 -32767 -32767 -32767 -32767 -32767 -32767 -32767 -32767 -32767 -32767 -32767 -32767 -32767 -32767 -32767
3400 3379 3343 3287 3256 3272 3272 3276 3289 3300 3314 3333 3367 3429 3460 3493 3535 3540 3540 3531 3514 3499 3495 3499 3515 3545 3572 3607 3641 3666 3704 3759 3807 3824 3867 3928 3946 3975 4008 4044 4044 4053 4117 4166 4201 4227 4254 4258 4290 4311 4359 4359 4321 4293 4283 4287 4306 4320 4327 4329 4346 4367 4380 -32767 -32767 -32767 -32767 -32767 -32767 -32767 -32767 -32767 -32767 -32767 -32767 -32767 -32767 -32767 -32767 -32767 -32767
3425 3407 3364 3306 3286 3318 3320 3290 3301 3313 3334 3341 3360 3423 -32767 -32767 3532 3576 3596 3597 3573 3550 3529 3531 3558 3570 3583 3591 3623 3662 3710 3757 3803 3833 3870 3909 3935 3968 4019 4043 4061 4055 4110 4167 4186 4216 4248 4261 4275 4277 4314 4351 4350 4331 4327 4336 4337 4346 4345 4345 4362 4370 4375 -32767 -32767 -32767 -32767 -32767 -32767 -32767 -32767 -32767 -32767 -32767 -32767 -32767 -32767 -32767 -32767 -32767 -32767
3440 3429 3383 3332 3337 3349 3345 3327 3349 3344 3339 3346 3360 -32767 -32767 -32767 3535 3578 3609 3627 3629 3599 3572 3575 3606 3614 3614 3638 3648 3691 3746 3756 3804 3831 3855 3898 3934 3962 4021 4051 4075 4066 4071 4137 4180 4206 4238 4263 4269 4270 4282 4329 4371 4359 4360 4357 4346 4349 4354 4370 4380 4350 4320 4286 -32767 -32767 -32767 -32767 -32767 -32767 -32767 -32767 -32767 -32767 -32767 -32767 -32767 -32767 -32767 -32767 -32767
3464 3457 3400 3375 3394 3386 3367 3357 3406 3408 3369 3361 3378 3396 3409 3458 3485 3528 3579 3614 3636 3638 3625 3617 3623 3632 3645 3670 3704 3723 3766 3795 3819 3844 3886 3924 3954 3967 4024 4059 4085 4078 4068 4072 4118 4190 4227 4249 4283 4282 4272 4319 4368 4397 4369 4372 4372 4363 4377 4384 4384 4357 4332 4259 4222 4171 4143 -32767 -32767 -32767 -32767 -32767 -32767 -32767 -32767 -32767 -32767 -32767 -32767 -32767 -32767
3467 3463 3453 3417 3439 3450 3395 3396 3419 3446 3412 3383 3398 3421 3449 3470 3506 3532 3569 3575 3605 3646 3680 3664 3656 3669 3671 3687 3721 3751 3775 3820 3849 3880 3905 3936 3972 3991 4021 4072 4091 4090 4075 4065 4081 4120 4201 4232 4263 4281 4285 4293 4319 4352 4379 4389 4388 4383 4391 4404 4387 4357 4313 4270 4217 4144 4114 -32767 -32767 -32767 -32767 -32767 -32767 -32767 -32767 -32767 -32767 -32767 -32767 -32767 -32767
3438 3467 3462 3459 3485 3480 3452 3424 3453 3481 3437 3435 3417 3439 3467 3508 3551 3566 3592 3618 3620 3636 3684 3710 3699 3697 3708 3706 3735 3763 3807 3876 3902 3936 3953 3976 3989 4010 4047 4079 4120 4111 4089 4082 4079 4107 4145 4187 4227 4266 4292 4292 4296 4301 4345 4376 4394 4396 4406 4423 4392 4355 4305 4262 4212 4161 -32767 -32767 -32767 -32767 -32767 -32767 -32767 -32767 -32767 -32767 -32767 -32767 -32767 -32767 -32767
3403 3455 3496 3500 3506 3522 3482 3480 3494 3488 3474 3491 3461 3455 3495 3532 3579 3614 3626 3661 3668 3661 3679 3737 3737 3721 3732 3734 3753 3770 3807 3872 3928 3976 4019 4031 4060 4062 4067 4105 4126 4127 4104 4090 4096 4112 4121 4144 4201 4248 4284 4305 4300 4290 4302 4364 4396 4399 4416 4454 4430 4377 4312 4266 4231 -32767 -32767 -32767 4006 -32767 -32767 -32767 -32767 -32767 -32767 -32767 -32767 -32767 -32767 -32767 -32767
3363 3430 3474 3511 3551 3557 3533 3533 3534 3537 3544 3540 3492 3487 3508 3558 3614 3648 3681 3707 3716 3711 3722 3749 3775 3759 3759 3764 3771 3775 3791 3852 3923 3992 4046 4067 4130 4104 4097 4130 4152 4139 4125 4111 4107 4110 4119 4128 4179 4226 4262 4289 4305 4309 4306 4320 4373 4387 4421 4488 -32767 -32767 4363 -32767 -32767 -32767 -32767 -32767 4045 3978 3912 3866 3818 3781 3762 3730 -32767 -32767 -32767 -32767 -32767
3387 3439 3478 3532 3570 3593 3584 3582 3584 3578 3593 3577 3535 3539 3547 3546 3603 3654 3707 3726 3728 3738 3760 3795 3823 3819 3801 3792 3793 3788 3796 3832 3893 3971 4037 4091 4126 4134 4149 4159 4172 4164 4142 4123 4124 4120 4123 4132 4186 4211 4240 4271 4298 4323 4323 4328 4349 4369 -32767 -32767 -32767 -32767 -32767 -32767 -32767 -32767 -32767 -32767 -32767 -32767 -32767 -32767 3839 3800 3766 3742 3729 3704 -32767 -32767 -32767
