Exercises/Data/small.asc
ncols        145
nrows        146
xllcorner    86.015416666667
yllcorner    27.866250000000
cellsize     0.000833333333
NODATA_value -32767
[rows 36 to 71 of 146, columns 0 to 80 of 145]
3389 3374 3372 3367 3391 3394 3467 3453 3501 3599 3619 3637 3631 3621 3610 3593 3579 3558 3546 3533 3516 3513 3498 3485 3475 3448 3419 3431 3427 3420 3398 3396 3446 3487 3533 3587 3619 3663 3719 3759 3785 3830 3847 3838 3824 3770 3737 3688 3665 3656 3663 3686 3692 3698 3722 3728 3753 3766 3784 3802 3812 -32767 3939 4024 4045 4082 4098 4197 4234 4250 4312 4295 4338 4403 4417 4441 4487 4538 4567 4608 4626
3432 3417 3411 3386 3409 3490 3518 3513 3549 3608 3648 3681 3680 3661 3656 3642 3624 3607 3582 3570 3563 3556 3546 3531 3499 3478 3456 3481 3485 3475 3457 3423 3424 3483 3529 3564 3605 3664 3688 3735 3774 3826 3844 3864 3879 3854 3820 3782 3731 3732 3731 3730 3749 3779 3793 3772 3837 3837 3841 3885 3947 3939 3959 3992 4069 4176 4179 4207 4255 4348 4355 4384 4382 4406 4450 4475 4512 4535 4585 4635 4669
3499 3471 3466 3447 3444 3498 3537 3545 3621 3628 3666 3714 3719 3712 3699 3691 3674 3647 3619 3605 3604 3596 3586 3559 3538 3518 3517 3529 3539 3519 3492 3479 3457 3485 3531 3558 3627 3657 3688 3726 3756 3779 3822 3838 3854 3868 3872 3877 3858 3783 3792 3800 3833 -32767 -32767 3945 3927 3916 3929 3943 3994 4022 3998 4031 4059 4168 4260 4297 4286 4348 4477 4499 4451 4446 4471 4552 4573 4584 4596 4632 4671
3524 3513 3528 3512 3486 3526 3557 3574 3602 3651 3707 3746 3760 3755 3748 3736 3709 3692 3664 3652 3657 3652 3632 3601 3573 3547 3539 3569 3591 3584 3550 3527 3483 3477 3523 3568 3618 3655 3700 3729 3756 3787 3812 3828 3848 3862 3890 3910 3920 3912 3917 3883 -32767 -32767 -32767 4030 4036 4025 4015 4011 4031 4063 4062 4084 4095 4092 4251 4330 4385 4415 4440 4538 4597 4573 4550 4584 4629 4627 4647 4673 4695
3564 3558 3566 3557 3524 3538 3624 3645 3651 3686 3727 3759 3792 3799 3790 3771 3754 3746 3741 3717 3706 3695 3675 3645 3615 3580 3572 3599 3621 3638 3615 3560 3516 3483 3537 3584 3606 3642 3680 3722 3748 3769 3797 3818 3834 3858 3895 3912 3928 3945 3971 3995 4037 4109 4082 4089 4114 4118 4077 4069 4081 4083 4099 4117 4147 4159 -32767 4316 4412 4486 4514 4602 4660 4663 4645 4626 4652 4684 4697 4713 4759
3609 3615 3607 3592 3577 3586 -32767 3677 3699 3739 3764 3804 3829 3849 3833 3816 3813 3808 3799 3781 3761 3745 3723 3693 3652 3636 3624 3645 3658 3684 -32767 -32767 -32767 3508 3546 3589 3603 3613 3657 3691 3739 3772 3799 3828 3844 3853 3875 3913 3941 3950 3967 3993 4050 4093 4139 4156 4156 4196 4182 4144 4148 4129 4153 4155 4148 -32767 -32767 4360 4398 4484 4559 4622 4691 4770 4763 4736 4698 4709 4736 4766 4794
3672 3667 3640 3626 3600 -32767 -32767 -32767 3748 3786 3809 3836 3862 3872 3889 3882 3876 3875 3849 3851 3839 3804 3771 3722 3674 3669 3679 3672 3676 3704 -32767 -32767 -32767 3532 3556 3592 3610 3638 3661 3693 3729 3765 3803 3828 3847 3870 3885 3905 3930 3953 3963 3990 4026 4071 4118 4174 4237 4278 4261 4221 4206 4186 4180 4184 4204 4251 -32767 4368 4394 4468 4534 4589 4655 4745 4810 4836 4822 4763 4758 4769 4790
3715 3715 3684 3654 -32767 -32767 -32767 -32767 3804 3815 3834 3886 3891 3915 3927 3938 3941 3932 3908 3902 3874 3828 3785 3738 3698 3701 3711 3707 3695 3693 3669 -32767 -32767 3550 3561 3585 3624 3647 3682 3696 3725 3762 3801 3837 3855 3859 3888 3910 3928 3952 3975 3991 4008 4050 4100 4141 4208 4275 4319 4307 4270 4242 4215 4251 4270 4264 4330 4369 4419 4467 4510 4580 4647 4699 4757 4871 4898 4902 4860 4823 4815
3766 3741 3705 3666 3670 -32767 -32767 -32767 -32767 3882 3916 3918 3928 3931 4012 4002 3978 3971 3958 3935 3903 3860 3806 3781 3764 3752 3730 3721 3708 3696 3683 3657 3607 3559 3563 3592 3628 3662 3693 3724 3748 3769 3802 3830 3858 3872 3883 3908 3925 3952 3980 4005 4030 4051 4089 4134 4182 4235 4332 4368 4338 4310 4259 4310 4320 4330 4368 4407 4449 4476 4512 4563 4618 4672 4742 4826 4867 4867 -32767 -32767 -32767
3788 3777 3741 3708 3693 -32767 -32767 -32767 -32767 3933 3963 3967 3961 3938 4060 4033 4013 3989 3972 3959 3929 3876 3845 3820 3802 3770 3748 3740 3725 3709 3716 3688 -32767 -32767 3567 3597 3636 3664 3698 3734 3759 3786 3817 3851 3868 3893 3890 3903 3921 3965 3987 4016 4039 4058 4078 4116 4174 4207 4291 4329 4360 4355 4377 4367 4365 4361 4393 4409 4446 4493 4527 4548 4599 4650 4711 4811 4809 4810 -32767 -32767 -32767
3804 3803 3772 3742 3751 3733 -32767 -32767 -32767 -32767 3991 4019 4026 4102 4092 4063 4038 4012 3999 3980 3955 3907 3868 3866 3819 3790 3769 3758 3741 3730 3728 3696 -32767 -32767 3562 3594 3637 3664 3688 3740 3773 3796 3819 3852 3874 3889 3907 3916 3944 3964 3984 4020 4036 4072 4078 4099 4145 4197 4236 4272 4283 4323 4397 4415 4416 4391 4403 4434 4440 4476 4518 4548 4577 4624 4699 4754 4746 4753 -32767 4750 4749
3853 3846 3807 3773 3760 3809 -32767 -32767 -32767 -32767 -32767 4103 4126 4128 4109 4081 4054 4037 4022 3993 3965 3923 3904 3869 3835 3800 3784 3764 3753 3747 3729 3706 -32767 -32767 3572 3605 3636 3669 3699 3743 3773 3801 3827 3844 3859 3892 3916 3935 3957 3979 4002 4019 4044 4059 4081 4097 4133 4165 4197 4235 4266 4297 4363 4415 4473 4490 4453 4454 4453 4457 4475 4507 4548 4605 4686 4721 -32767 4695 4698 4706 4711
3872 3872 3839 3812 3824 3854 -32767 -32767 -32767 -32767 -32767 4124 4150 4147 4118 4101 4072 4055 4023 3995 3964 3949 3916 3891 3859 3818 3787 3768 3756 3745 3739 3721 -32767 -32767 3583 3599 3631 3666 3692 3733 3772 3800 3827 3837 3859 3901 3932 3947 3980 3990 4008 4019 4040 4059 4081 4093 4129 4149 4168 4217 4252 4287 4329 4386 4440 4475 4454 4448 4453 4438 4456 4480 4520 4572 4637 -32767 -32767 -32767 4651 4656 4675
3902 3895 3864 3844 3841 3855 -32767 -32767 -32767 -32767 -32767 4188 4179 4151 4136 4101 4080 4056 4029 3990 3965 3955 3933 3890 3848 3816 3795 3776 3761 3770 3768 3741 -32767 -32767 3593 3602 3638 3661 3697 3717 3756 3784 3814 3835 3864 3899 3938 3962 3971 3988 4005 4017 4043 4069 4082 4097 4123 4144 4168 4195 4226 4263 4302 4348 4400 4422 4410 4424 4413 4424 4448 4462 4508 4577 4599 -32767 -32767 -32767 4605 4623 4626
3938 3918 3898 3894 3883 3895 -32767 -32767 -32767 -32767 -32767 4212 4191 4162 4136 4108 4086 4057 4029 3998 3977 3949 3923 3906 3865 3829 3803 3795 3799 3797 3785 3762 -32767 3657 3609 3599 3637 3670 3699 3721 3746 3776 3796 3819 3863 3889 3926 3946 3969 3988 4013 4034 4045 4060 4080 4105 4122 4148 4149 4179 4218 4247 4281 4315 4360 4381 4394 4401 4396 4400 4433 4463 4542 4575 4569 -32767 -32767 -32767 4531 4561 4586
3963 3951 3933 3934 3931 3926 3943 -32767 -32767 -32767 -32767 -32767 4193 4174 4133 4119 4087 4071 4034 4002 3978 3941 3913 3894 3871 3835 3829 3834 3825 3820 3788 -32767 3695 3670 3648 3619 3621 3666 3686 3712 3729 3761 3790 3822 3845 3875 3908 3941 3962 3985 4007 4032 4049 4065 4080 4103 4111 4139 4155 4180 4215 4251 4272 4307 4336 4348 4364 4377 4375 4380 4396 4430 -32767 -32767 -32767 -32767 -32767 4468 4480 4510 4536
3978 -32767 -32767 -32767 -32767 3973 3980 -32767 -32767 -32767 -32767 -32767 4207 4161 4140 4113 4090 4063 4035 4002 3969 3947 3932 3914 3875 3858 3867 3864 3856 3835 3805 3758 3718 3710 3678 3645 3617 3655 3693 3719 3742 3776 3793 3825 3860 3888 3911 3953 3985 3984 4002 4037 4056 4068 4078 4103 4127 4145 4168 4186 4216 4241 4271 4287 4320 4322 4333 4341 4342 4344 4362 4384 4422 -32767 -32767 -32767 4420 4453 4459 4487 4512
4011 -32767 -32767 -32767 -32767 -32767 4011 -32767 -32767 -32767 -32767 -32767 4205 4180 4147 4110 4093 4077 4040 4006 3983 3954 3945 3917 3887 3893 3888 3886 3886 3854 3815 3782 3755 3726 3711 3680 3630 3657 3697 3721 3735 3776 3796 3830 3859 3889 3923 3956 3974 3984 4020 4049 4070 4074 4082 4112 4130 4140 4166 4189 4223 4236 4262 4287 4303 4306 4310 4316 4310 4312 4329 4348 4369 4392 4384 4379 4370 4392 4419 4443 4484
4046 -32767 -32767 -32767 -32767 -32767 -32767 -32767 -32767 -32767 -32767 4247 4210 4174 4149 4112 4094 4072 4046 4012 3995 3965 3957 3931 3906 3909 3903 3923 3897 3867 3850 3835 3788 3747 3730 3714 3668 3659 3700 3710 3736 3759 3788 3828 3856 3890 3918 3943 3974 4000 4028 4053 4069 4071 4105 4121 4138 4152 4170 4197 4214 4236 4245 4271 4278 4271 4280 4282 4282 4294 4299 4314 4328 4346 4350 4345 4350 4372 4385 4413 4453
-32767 -32767 -32767 -32767 -32767 -32767 -32767 -32767 -32767 -32767 -32767 4245 4212 4182 4156 4121 4091 4065 4046 4019 3998 3981 3956 3935 3921 3921 3935 3930 3922 3902 3886 3851 3814 3777 3764 3719 3681 3652 3682 3715 3732 3764 3804 3820 3862 3883 3913 3951 3980 3997 4025 4043 4071 4091 4102 4128 4140 4163 4173 4223 4222 4226 4224 4224 4225 4211 4219 4242 4262 4282 4288 4300 4314 4333 4334 4338 4345 4362 4384 4428 4468
-32767 -32767 -32767 -32767 -32767 -32767 -32767 -32767 -32767 -32767 -32767 4252 4216 4184 4155 4129 4101 4073 4056 4031 4002 3978 3963 3966 3950 3955 3950 3927 3921 3905 3879 3852 3836 3804 3770 3730 3700 3677 3680 3712 3737 3762 3787 3818 3851 3878 3911 3950 3976 3999 4047 4062 4083 4108 4112 4137 4150 4168 4188 4193 4192 4176 4179 4177 4177 4179 4200 4221 4256 4282 4292 4305 4318 4337 4338 4340 4353 4364 4380 4401 4469
-32767 -32767 -32767 -32767 -32767 -32767 -32767 -32767 -32767 4184 4236 4262 4225 4197 4162 4133 4109 4090 4067 4024 4000 3980 3976 3975 3975 3964 3960 3944 3916 3901 3891 3889 3865 3828 3791 3754 3735 3693 3676 3689 3730 3767 3791 3810 3835 3870 3901 3941 3973 4014 4041 4066 4083 4096 4115 4125 4140 4165 4162 4155 4148 4148 4158 4164 4170 4188 4217 4229 4249 4268 4290 4315 4322 4333 4343 4349 4361 4366 4378 4403 4446
-32767 -32767 -32767 -32767 -32767 -32767 -32767 -32767 4202 4215 4227 -32767 -32767 -32767 4175 4143 4134 4104 4064 4032 4014 3992 3982 3979 3978 3968 3954 3940 3926 3918 3921 3912 3882 3854 3818 3782 3762 3728 3699 3692 3714 3754 3788 3811 3855 3885 3907 3923 3964 4012 4053 4065 4092 4097 4105 4111 4119 4122 4116 4129 4136 4146 4158 4169 4174 4194 4218 4239 4247 4258 4283 4302 4315 4331 4344 4347 4371 4378 4396 4435 4461
-32767 -32767 -32767 -32767 -32767 -32767 -32767 -32767 4234 4219 -32767 -32767 -32767 -32767 4169 4149 4130 4100 -32767 4037 4010 3991 3993 3990 3978 3967 3953 3942 3937 3933 3928 3909 3891 3875 3841 3800 3783 3756 3728 3701 3712 3740 3763 3808 3861 3879 3905 3920 3952 4004 4044 4064 4076 4091 4093 4086 4095 4099 4097 4118 4140 4154 4165 4175 4180 4206 4221 4235 4241 4255 4283 4305 4328 4341 4346 4357 4374 4385 4412 4435 4462
-32767 -32767 -32767 -32767 -32767 -32767 -32767 4275 4271 4273 -32767 -32767 -32767 -32767 4171 4145 -32767 -32767 4042 4016 3998 3992 3984 3983 3973 3968 3969 3963 3939 3934 3922 3912 3926 3898 3859 3827 3807 3776 3756 3732 3703 3723 3751 3781 3824 3864 3891 3915 3947 3997 4030 4047 4061 4080 4071 4068 4081 4095 4092 4094 4130 4158 4179 4194 4197 4202 4219 4235 4236 4237 4262 4312 4338 4342 4349 4360 4374 4389 4404 4420 4452
-32767 -32767 -32767 -32767 -32767 -32767 4279 4313 4298 -32767 -32767 -32767 4213 4189 4163 4145 4098 4056 4031 4007 3998 4008 3998 3975 3970 3968 3968 3954 3934 3931 3923 3930 3932 3911 3887 3857 3831 3793 3770 3757 3747 3721 3736 3765 3801 3840 3881 3920 3943 3977 4001 4026 4040 4047 4039 4048 4068 4086 4102 4107 4109 4142 4171 4200 4219 4219 4218 4241 4238 4247 4275 4297 4332 4350 4362 4378 4380 4401 4411 4430 4446
-32767 -32767 -32767 -32767 -32767 4299 4327 4328 -32767 -32767 -32767 -32767 4203 4183 4169 4144 4117 4071 4036 4017 4004 4016 4001 3979 3975 3965 3961 3952 3943 3932 3937 3943 3951 3951 3910 3883 3855 3824 3800 3787 3766 3740 3714 3739 3770 3818 3871 3902 3931 3943 3969 3997 -32767 -32767 4007 4024 4066 4083 4106 4118 4122 4129 4154 4188 4225 4232 4233 4245 4240 4266 4284 4314 4325 4357 4387 4389 4402 4427 4438 4440 4427
-32767 -32767 -32767 -32767 -32767 4275 4301 4325 -32767 -32767 -32767 4225 4208 4196 4169 4144 4116 4090 4041 4020 4014 4010 4004 3995 3986 3975 3960 3960 3954 3942 3953 3967 3975 3973 3934 3901 3867 3855 3834 3812 3792 3755 3726 3715 3744 3772 3808 3845 3878 3889 3908 -32767 -32767 -32767 3965 3984 4031 4063 4097 4128 4141 4150 4153 4184 4221 4242 4254 4245 4256 4278 4295 4318 4340 4361 4379 4398 4413 4423 4442 4416 4402
-32767 -32767 -32767 -32767 -32767 4207 4242 4289 4293 -32767 -32767 4243 4220 4206 4184 4148 4121 4089 4058 4045 4030 4019 4014 4005 3999 3990 3978 3975 3968 3961 3975 3975 3981 3980 3957 3918 3893 3872 3855 3835 3799 3765 3728 3720 3715 3738 3766 3791 3820 3836 3848 3855 -32767 -32767 3896 3936 3981 4027 4066 4084 4107 4142 4170 4200 4238 4246 4268 4274 4301 4320 4347 4354 4358 4370 4397 4405 4446 4432 4410 4390 4385
-32767 -32767 -32767 -32767 -32767 4133 4156 4219 4287 -32767 -32767 4266 4230 4210 4185 4155 4121 4094 4070 4054 4039 4034 4027 4014 4011 4012 4003 3994 3996 3989 3984 3976 3983 3978 3973 3945 3921 3897 3878 3857 3825 3789 3755 3731 3718 3724 3734 3743 3758 3770 3778 3788 3795 3820 3839 3875 3915 3968 4024 4039 4075 4111 4147 4217 4264 4292 4298 4294 4309 4343 4372 4366 -32767 4397 4411 4416 4415 4403 4388 4366 4347
-32767 -32767 -32767 -32767 -32767 -32767 4097 4152 4182 4243 4266 4245 4236 4221 4191 4158 4128 4106 4087 4077 4053 4046 4041 4030 4023 4021 4017 4013 4002 4001 3998 3985 3987 3984 3979 3963 3934 3921 3912 3889 3849 3820 3776 3745 3725 3726 3728 3737 3748 3744 3750 3755 3768 3778 3791 3835 3871 3909 3949 3982 4018 4061 4117 4184 4232 4272 4280 4291 4325 4367 4392 4397 -32767 -32767 -32767 4405 4381 4377 4367 4349 4326
-32767 -32767 -32767 -32767 -32767 -32767 4025 4070 4133 4213 4243 4287 4253 4234 4208 4171 4139 4110 4096 4085 4071 4055 4057 4047 4039 4035 4029 4018 4015 4020 4015 4010 4014 4012 4008 3987 3964 3968 3953 3932 3904 3859 3815 3774 3750 3769 3771 3782 3788 3787 3779 3776 3758 3754 3759 3791 3830 3864 3899 3936 3970 4015 4079 4141 4178 4199 4219 4250 4305 4353 4376 4392 -32767 -32767 -32767 4336 4341 4362 4360 4344 4322
-32767 -32767 -32767 -32767 -32767 -32767 3969 4031 4057 4131 4173 4218 4265 4246 4216 4186 4153 4124 4104 4095 4080 4068 4057 4052 4053 4044 4038 4045 4042 4035 4042 4054 4043 4030 4015 4017 4009 4005 3985 3971 3948 3905 3857 3810 3786 3791 3794 3803 3821 3818 3799 3796 3798 3787 3765 3766 3789 3833 3863 3889 3917 3955 4015 4051 4106 4122 4154 4205 4285 4321 4343 4339 4322 4315 4316 4313 4316 4326 4337 4326 4309
-32767 -32767 -32767 -32767 -32767 -32767 -32767 -32767 -32767 -32767 4120 4139 4187 4231 4223 4193 4165 4137 4115 4101 4097 4078 4069 4067 4068 4061 4054 4051 4051 4063 4067 4063 4059 4051 4051 4049 4040 4028 4017 4018 3967 -32767 3875 3837 3824 3836 3834 3834 3834 3843 3828 3819 3822 3818 3805 3785 3770 3784 3810 3833 3873 3908 3954 3982 4019 4068 4122 4168 4224 4277 4291 4291 4289 4303 4291 4284 4279 4278 -32767 -32767 -32767
-32767 -32767 -32767 -32767 -32767 -32767 -32767 -32767 -32767 -32767 -32767 4080 4124 4174 4222 4201 4174 4151 4132 4123 4113 4093 4088 4090 4081 4079 4073 4069 4071 4070 4077 4076 4080 4071 4073 4086 4081 4066 4055 4041 -32767 -32767 3868 3850 3853 3877 3894 3873 3871 3878 3875 3865 3861 3853 3833 3815 3797 3780 3780 3793 3814 3866 3891 3926 3962 3998 4065 4109 4167 4209 4236 4236 4245 4235 -32767 4246 4221 4210 4201 -32767 -32767
-32767 -32767 -32767 -32767 -32767 -32767 -32767 -32767 -32767 -32767 -32767 3998 4071 4120 4187 4224 4186 4176 4161 4142 4121 4120 4113 4105 4098 4095 4084 4082 4094 4090 4089 4087 4097 4099 4089 4079 4110 4096 4074 -32767 -32767 -32767 3874 3873 3888 3915 3929 3921 3905 3912 3913 3904 3902 3896 3872 3858 3842 3822 3799 3793 3786 3814 3852 3882 3909 3935 3970 4048 4096 4149 4165 4183 4184 -32767 -32767 4177 4178 4164 4154 4142 4129
